36
58
64
67
58
18
62
67
33
68
70
64
72
64
68
65
33
64
32
11
89
40
34
61
18
56
63
67
40
65
65
44
66
65
33
40
69
33
35
42
57
56
54
52
61
64
49
35
12
36
23
65
59
20
23
53
33
33
66
27
51
41
53
54
69
52
50
51
64
49
51
65
4
56
33
65
60
59
45
35
58
62
59
52
41
33
63
62
52
58
50
36
39
52
58
50
6
46
57
59
58
58
56
52
54
51
33
61
68
36
69
54
57
44
33
63
63
31
21
43
60
50
31
57
77
64
10
57
62
59
74
57
6
33
48
43
5
63
52
58
51
63
61
47
63
51
48
57
65
52
51
39
55
56
45
16
54
52
20
65
33
55
52
41
68
56
51
46
53
18
42
41
88
33
63
63
40
53
32
33
56
64
18
56
38
59
53
50
65
38
67
69
60
51
68
60
8
57
35
65
47
55
53
61
60
52
40
89
56
48
53
57
51
24
42
32
56
52
14
33
33
32
61
57
59
37
51
40
58
54
15
14
31
54
53
57
17
57
60
65
65
67
51
24
33
64
46
36
51
44
43
55
46
51
58
59
63
46
38
45
0
0
64
65
50
54
62
32
19
0
63
63
33
69
31
4
42
50
42
60
52
36
61
64
65
37
35
54
62
32
45
51
32
46
28
59
58
62
51
68
35
36
53
54
67
60
51
20
44
39
33
52
50
50
50
36
3
57
65
64
36
40
52
36
30
51
7
15
64
30
55
65
43
52
35
41
61
44
6
31
60
51
59
27
51
46
24
24
57
59
42
32
27
21
33
53
61
43
52
37
68
34
62
44
35
30
62
37
42
50
47
40
64
1
59
44
33
14
35
68
64
53
52
57
45
25
64
69
54
42
36
45
59
62
40
61
51
38
33
33
64
65
43
65
43
66
40
37
24
51
44
38
38
50
52
60
38
11
44
42
25
52
36
0
24
50
50
52
49
32
23
35
58
47
64
23
42
51
38
42
5
64
49
53
23
26
34
37
62
41
44
24
60
51
40
17
42
54
28
53
38
38
60
58
52
47
43
29
1
44
32
63
36
56
21
18
42
29
44
33
46
39
60
37
54
47
32
9
0
6
43
49
63
62
60
52
28
54
14
33
45
32
41
53
52
47
41
0
28
31
14
35
59
41
35
51
1
70
35
31
45
59
37
5
41
62
45
45
54
54
46
0
50
57
42
65
65
32
65
65
68
1
60
63
53
0
0
41
35
1
16
58
64
62
34
59
48
12
1
65
21
51
65
40
53
64
43
55
32
40
46
11
33
42
36
33
35
64
59
64
54
63
59
17
18
46
38
1
55
61
62
51
49
48
16
36
41
45
58
47
63
50
20
32
45
19
33
35
81
32
31
35
52
60
2
50
5
63
52
50
37
0
33
47
31
27
41
30
30
47
53
53
0
53
31
47
50
49
63
55
1
0
59
64
48
39
36
57
69
61
52
41
54
-1
39
0
14
65
40
58
2
20
20
52
37
41
54
39
48
55
51
28
53
40
1
48
33
41
25
63
62
56
50
55
13
37
36
35
39
6
4
30
37
26
42
38
19
19
4
0
0
49
45
16
1
64
47
36
37
23
67
43
52
40
35
50
1
29
45
0
60
57
32
39
33
19
0
24
61
65
61
51
60
8
14
0
57
44
19
53
59
55
38
29
21
59
32
0
35
6
0
0
66
64
57
43
29
40
42
23
51
52
61
50
42
52
54
55
47
43
36
40
12
53
47
41
46
38
21
24
29
3
51
47
53
62
50
42
56
50
6
46
30
46
18
40
50
35
60
53
51
54
45
30
52
20
45
42
29
1
36
53
50
20
30
59
36
20
69
46
58
59
57
39
51
46
44
8
45
43
97
35
15
0
6
5
40
46
9
0
35
46
42
69
63
53
41
31
3
50
2
1
51
12
48
1
1
3
65
26
45
35
23
59
54
52
53
45
31
54
0
12
46
14
64
56
54
44
47
46
29
24
32
19
7
23
52
28
43
44
34
31
22
20
53
35
1
58
61
34
41
27
12
63
60
55
44
47
0
0
0
30
26
3
5
1
47
45
41
27
16
32
50
54
60
53
36
33
36
0
51
50
38
27
13
9
55
64
62
57
40
41
42
33
47
1
39
34
43
15
12
8
35
22
0
36
8
1
65
64
41
30
25
57
59
44
62
58
0
54
52
41
22
34
35
32
38
1
1
3
34
4
1
5
65
48
23
24
61
56
44
54
57
40
60
18
52
1
35
11
54
53
33
35
32
1
58
51
45
55
29
58
29
1
1
33
53
57
40
6
9
13
0
18
53
35
49
1
14
14
1
1
41
54
45
43
40
27
43
0
68
65
57
63
52
25
43
51
1
56
37
1
41
58
40
34
58
12
58
53
40
36
48
56
25
11
42
44
11
64
46
57
34
29
23
30
0
58
64
54
44
45
48
55
52
52
0
0
0
1
11
1
10
46
42
40
59
24
56
46
39
43
21
30
52
44
19
50
1
0
13
0
0
0
52
35
1
30
25
46
1
56
62
55
39
42
51
18
6
14
1
1
13
0
0
0
0
64
45
52
52
35
26
61
21
25
52
41
12
36
44
0
48
36
36
0
65
42
42
25
58
59
40
33
32
51
43
34
0
59
47
44
15
18
25
37
40
44
51
56
57
8
69
59
42
41
35
43
39
0
0
0
32
0
60
16
51
56
62
57
78
48
49
41
0
5
31
58
63
62
27
41
40
60
58
42
59
61
110
61
21
45
40
39
39
2
0
1
85
34
37
14
3
53
41
0
41
54
53
27
41
35
0
1
0
58
41
52
45
42
16
5
53
46
47
13
8
56
4
58
40
57
11
59
14
4
0
41
11
60
63
56
44
59
51
43
44
53
4
42
6
0
56
34
6
1
31
52
57
20
53
5
13
0
59
57
53
44
37
53
0
2
1
59
53
50
38
41
60
33
51
42
0
0
39
34
7
1
0
13
58
39
41
23
64
50
54
53
54
35
51
50
35
38
16
29
55
55
42
15
32
29
6
63
43
3
54
23
1
7
1
56
52
38
55
52
42
13
3
1
53
38
43
57
2
1
12
1
56
18
49
6
60
56
53
45
6
1
0
0
56
2
52
50
40
60
64
30
43
30
45
54
54
51
39
23
35
53
8
42
31
43
24
23
60
41
53
32
43
35
0
53
57
53
45
51
42
11
46
42
58
55
52
41
4
6
3
56
33
59
55
8
48
25
58
56
41
54
58
46
1
17
47
59
40
59
19
40
49
64
9
54
32
1
20
55
58
22
20
37
36
54
44
0
0
59
55
52
39
59
54
54
14
6
22
30
44
45
30
14
58
23
23
61
1
52
19
11
0
5
54
40
40
52
25
0
42
58
48
1
39
51
57
53
42
43
40
15
53
21
47
46
57
55
41
6
12
53
1
53
40
12
1
55
1
42
41
18
4
41
44
64
56
59
54
64
52
43
66
56
4
21
18
19
15
54
30
45
22
56
35
61